view_size: 2048
horizon: 100.0
escape: 20.0
dtf_const: 0.000038
dtf_linear: 0.001172
max_steps: 600
max_iterations: 30
step_size: 0.2
iod: 0.03
